{
  "scene": {
    "description": "Six-camera dust density reconstruction scene",
    "camera_count": 6,
    "camera_ids": ["train00", "train01", "train02", "train03", "train04", "train05"],
    "camera_spacing_deg": 60,
    "video_dir": "data",
    "output_dir": "outputs"
  },
  "train_videos": [
    {
      "file_name": "train00.mp4",
      "frame_rate": 25.0,
      "frame_num": 113,
      "camera_angle_x": 0.389208,
      "camera_hw": [720, 1280],
      "transform_matrix": [
        [0.0,    0.7071067812, 0.7071067811, 1.4142135623],
        [-1.0,   0.0,          0.0,          0.0         ],
        [0.0,   -0.7071067811, 0.7071067812, 1.4142135625],
        [0.0,    0.0,          0.0,          1.0         ]
      ]
    },
    {
      "file_name": "train01.mp4",
      "frame_rate": 25.0,
      "frame_num": 113,
      "camera_angle_x": 0.389208,
      "camera_hw": [720, 1280],
      "transform_matrix": [
        [ 0.8660254037,  0.1710100717,  0.4698463104,  0.9396926209],
        [-0.5000000001,  0.2961981327,  0.8137976813,  1.6275953627],
        [ 0.0,          -0.9396926208,  0.3420201433,  0.6840402866],
        [ 0.0,           0.0,           0.0,           1.0         ]
      ]
    },
    {
      "file_name": "train02.mp4",
      "frame_rate": 25.0,
      "frame_num": 113,
      "camera_angle_x": 0.389208,
      "camera_hw": [720, 1280],
      "transform_matrix": [
        [ 0.8660254038, -0.1710100716, -0.4698463104, -0.9396926207],
        [ 0.4999999999,  0.2961981328,  0.8137976814,  1.6275953628],
        [ 0.0,          -0.9396926208,  0.3420201433,  0.6840402866],
        [ 0.0,           0.0,           0.0,           1.0         ]
      ]
    },
    {
      "file_name": "train03.mp4",
      "frame_rate": 25.0,
      "frame_num": 113,
      "camera_angle_x": 0.389208,
      "camera_hw": [720, 1280],
      "transform_matrix": [
        [ 0.0,          -0.3420201433, -0.9396926208, -1.8793852416],
        [ 1.0,           0.0,           0.0,           0.0         ],
        [ 0.0,          -0.9396926208,  0.3420201433,  0.6840402866],
        [ 0.0,           0.0,           0.0,           1.0         ]
      ]
    },
    {
      "file_name": "train04.mp4",
      "frame_rate": 25.0,
      "frame_num": 113,
      "camera_angle_x": 0.389208,
      "camera_hw": [720, 1280],
      "transform_matrix": [
        [-0.8660254037, -0.1710100717, -0.4698463104, -0.9396926209],
        [ 0.5000000001, -0.2961981327, -0.8137976813, -1.6275953627],
        [ 0.0,          -0.9396926208,  0.3420201433,  0.6840402866],
        [ 0.0,           0.0,           0.0,           1.0         ]
      ]
    },
    {
      "file_name": "train05.mp4",
      "frame_rate": 25.0,
      "frame_num": 113,
      "camera_angle_x": 0.389208,
      "camera_hw": [720, 1280],
      "transform_matrix": [
        [-0.8660254038,  0.1710100716,  0.4698463104,  0.9396926207],
        [-0.4999999999, -0.2961981328, -0.8137976814, -1.6275953628],
        [ 0.0,          -0.9396926208,  0.3420201433,  0.6840402866],
        [ 0.0,           0.0,           0.0,           1.0         ]
      ]
    }
  ],
  "training": {
    "near": 0.1,
    "far": 10.0,
    "n_samples_coarse": 64,
    "n_samples_fine": 128,
    "batch_rays": 1024,
    "learning_rate": 5e-4,
    "lr_decay_steps": 250000,
    "lr_decay_factor": 0.1,
    "max_steps": 200000,
    "save_every": 10000,
    "log_every": 500,
    "frames_per_video": 113,
    "frame_skip": 1,
    "background_frames": 30,
    "dust_threshold": 0.05,
    "dust_weight_alpha": 5.0,
    "time_dim": 16
  },
  "export": {
    "grid_resolution": 128,
    "temporal_resolution": 64,
    "density_threshold": 0.01,
    "output_formats": ["npz", "vtk", "html"],
    "export_temporal": true
  }
}
